20 20 153 0
F 12 4 16 3 7 
W 9 5 16 12 5 
W 15 6 16 12 5 
W 5 7 16 15 5 
W 17 15 16 12 5 
W 13 14 16 9 5 
W 16 9 16 9 5 
H 12 19 16 8 4 0 0 
S 2 19 16 7 4 
T 14 1 16 5 1 
T 1 7 16 2 1 
T 17 13 16 2 1 
g 15 0 16 0 0 
g 1 18 16 0 0 
s 8 1 16 10 0 
s 7 16 16 10 0 
w 19 3 16 99 0 
g 0 2 16 0 0 
w 0 10 16 99 0 
g 4 5 16 0 0 
s 17 0 16 10 0 
s 8 4 16 10 0 
g 16 6 16 0 0 
t 8 5 16 0 0 
g 10 1 16 0 0 
s 5 13 16 10 0 
s 2 2 16 10 0 
t 3 18 16 0 0 
g 6 6 16 0 0 
g 17 6 16 0 0 
w 17 2 16 99 0 
g 18 2 16 0 0 
w 14 17 16 99 0 
s 17 17 16 10 0 
w 5 0 16 99 0 
t 14 14 16 0 0 
s 1 13 16 10 0 
g 1 16 16 0 0 
g 6 0 16 0 0 
t 15 18 16 0 0 
s 17 3 16 10 0 
w 5 15 16 99 0 
g 9 15 16 0 0 
t 0 16 16 0 0 
s 6 13 15 10 0 
t 4 4 15 0 0 
g 11 1 14 0 0 
g 19 2 14 0 0 
s 8 3 13 10 0 
t 14 15 13 0 0 
t 0 17 13 0 0 
s 6 12 13 10 0 
w 18 3 12 99 0 
g 5 5 12 0 0 
g 9 1 12 0 0 
s 2 1 12 10 0 
s 2 13 12 10 0 
t 7 6 12 0 0 
t 9 5 11 0 0 
t 3 19 11 0 0 
t 15 19 11 0 0 
t 14 18 11 0 0 
w 6 15 11 99 0 
t 5 4 11 0 0 
g 9 0 11 0 0 
s 8 16 10 10 0 
t 7 5 10 0 0 
g 10 0 10 0 0 
t 18 5 10 0 0 
w 16 2 10 99 0 
s 1 14 10 10 0 
g 19 1 10 0 0 
g 4 5 10 0 0 
t 9 4 10 0 0 
t 16 19 10 0 0 
t 13 18 10 0 0 
g 9 2 9 0 0 
w 7 15 9 99 0 
s 8 15 9 10 0 
g 1 17 8 0 0 
s 7 4 8 10 0 
s 7 3 8 10 0 
t 0 18 8 0 0 
g 8 0 8 0 0 
t 17 19 8 0 0 
s 8 14 8 10 0 
t 8 6 7 0 0 
g 6 5 7 0 0 
w 5 1 7 99 0 
t 7 7 7 0 0 
t 9 6 7 0 0 
t 14 19 7 0 0 
g 18 7 7 0 0 
g 18 1 7 0 0 
t 12 18 7 0 0 
t 0 19 7 0 0 
g 3 5 6 0 0 
g 6 7 6 0 0 
s 7 13 6 10 0 
t 3 4 6 0 0 
g 8 2 6 0 0 
s 6 4 6 10 0 
t 4 18 5 0 0 
g 18 6 5 0 0 
g 5 6 5 0 0 
t 10 5 5 0 0 
s 9 16 5 10 0 
w 16 3 5 99 0 
g 4 6 5 0 0 
t 10 4 5 0 0 
t 16 18 5 0 0 
t 13 17 5 0 0 
g 16 5 4 0 0 
t 14 13 4 0 0 
t 15 17 4 0 0 
w 4 15 4 99 0 
g 10 15 4 0 0 
t 0 15 4 0 0 
t 4 3 4 0 0 
g 11 0 4 0 0 
s 9 3 4 10 0 
t 13 15 4 0 0 
s 1 15 4 10 0 
s 9 14 4 10 0 
t 12 17 4 0 0 
t 5 18 4 0 0 
t 10 6 4 0 0 
t 16 17 4 0 0 
s 17 1 3 10 0 
g 6 7 3 0 0 
t 13 19 3 0 0 
t 7 8 3 0 0 
t 3 3 3 0 0 
s 2 15 3 10 0 
t 3 17 2 0 0 
g 2 16 2 0 0 
t 5 3 2 0 0 
s 7 2 2 10 0 
g 17 7 2 0 0 
g 5 7 2 0 0 
t 13 16 2 0 0 
g 17 5 2 0 0 
t 5 17 2 0 0 
t 6 18 2 0 0 
t 6 8 2 0 0 
w 19 4 1 99 0 
g 16 6 1 0 0 
t 15 14 1 0 0 
t 4 2 1 0 0 
t 12 15 1 0 0 
t 12 16 1 0 0 
t 7 9 1 0 0 
t 3 16 1 0 0 
