20 20 81 8
F 15 3 4 3 7 
F 15 2 4 6 7 
F 11 11 4 3 7 
W 13 19 4 9 5 
W 6 6 4 9 5 
W 3 9 4 9 5 
W 7 8 4 9 5 
W 1 13 4 9 5 
W 12 0 4 9 5 
W 8 8 4 9 5 
W 17 5 4 9 5 
H 11 15 4 5 4 0 3 
A 2 17 4 4 4 
S 7 15 4 4 4 
S 6 15 4 4 4 
A 2 7 4 4 4 
S 16 10 4 4 4 
S 1 12 4 4 4 
S 19 1 4 4 4 
S 10 14 4 4 4 
T 3 17 4 2 1 
T 0 19 4 2 1 
T 8 15 4 2 1 
T 18 10 4 2 1 
T 17 12 4 2 1 
T 0 1 4 2 1 
T 4 11 4 2 1 
g 5 18 4 0 0 
w 15 9 4 99 0 
g 7 0 4 0 0 
s 19 4 4 10 0 
t 13 16 4 0 0 
t 13 11 4 0 0 
w 12 12 4 99 0 
g 12 5 4 0 0 
w 16 11 4 99 0 
g 0 7 4 0 0 
w 1 14 4 99 0 
s 13 6 4 10 0 
t 0 14 4 0 0 
g 4 12 4 0 0 
s 14 16 4 10 0 
w 18 12 4 99 0 
g 3 19 4 0 0 
w 2 6 4 99 0 
g 5 13 4 0 0 
s 6 13 4 10 0 
w 10 1 4 99 0 
w 8 2 4 99 0 
t 8 14 4 0 0 
w 3 12 4 99 0 
g 12 11 4 0 0 
w 0 0 4 99 0 
g 5 7 4 0 0 
w 19 8 4 99 0 
w 1 8 4 99 0 
s 9 1 4 10 0 
s 4 5 4 10 0 
s 7 18 4 10 0 
w 0 6 4 99 0 
w 11 3 4 99 0 
s 16 16 4 10 0 
w 11 13 4 99 0 
t 15 18 4 0 0 
g 14 7 4 0 0 
g 5 19 3 0 0 
s 19 3 3 10 0 
t 13 10 3 0 0 
t 15 17 3 0 0 
s 19 5 2 10 0 
w 13 12 2 99 0 
s 13 5 2 10 0 
g 5 12 2 0 0 
w 0 5 2 99 0 
w 12 13 1 99 0 
s 14 15 1 10 0 
g 12 10 1 0 0 
s 8 1 1 10 0 
t 14 10 1 0 0 
w 13 13 1 99 0 
s 13 4 1 10 0 
