20 20 105 10
F 12 19 13 6 7 
F 17 11 13 3 7 
F 17 0 13 3 7 
F 3 4 13 3 7 
F 15 11 13 3 7 
W 0 8 13 9 5 
W 9 8 13 9 5 
W 5 6 13 9 5 
W 1 8 13 9 5 
W 15 1 13 12 5 
W 3 5 9 9 5 
W 2 11 7 9 5 
W 0 13 7 12 5 
W 0 6 6 9 5 
W 2 8 6 9 5 
W 1 7 5 9 5 
W 1 9 4 9 5 
W 3 6 3 9 5 
W 0 10 2 9 5 
W 4 7 2 9 5 
H 1 1 13 8 4 0 5 
S 15 13 13 4 4 
S 19 13 11 4 4 
S 14 13 10 4 4 
S 15 14 5 4 4 
S 15 15 3 4 4 
S 16 15 3 4 4 
S 16 13 1 4 4 
S 16 14 1 4 4 
T 19 11 13 2 1 
T 13 12 13 2 1 
T 18 12 13 2 1 
T 18 7 13 2 1 
T 6 12 13 2 1 
T 13 1 13 2 1 
T 5 9 13 2 1 
T 16 7 13 5 1 
s 3 18 13 10 0 
w 7 16 13 99 0 
g 5 1 13 0 0 
g 3 14 13 0 0 
g 11 18 13 0 0 
s 10 13 13 10 0 
w 9 19 13 99 0 
g 9 10 13 0 0 
s 2 17 13 10 0 
w 12 13 13 99 0 
w 1 14 13 99 0 
g 15 3 13 0 0 
g 0 4 13 0 0 
w 19 6 13 99 0 
w 11 2 13 99 0 
s 8 15 13 10 0 
g 19 3 13 0 0 
s 19 18 13 10 0 
g 5 18 13 0 0 
g 9 2 13 0 0 
g 15 8 13 0 0 
g 10 12 13 0 0 
w 16 19 13 99 0 
s 10 2 13 10 0 
w 19 5 12 99 0 
s 19 17 12 10 0 
g 9 1 11 0 0 
w 11 1 10 99 0 
s 9 13 9 10 0 
w 10 19 9 99 0 
s 2 16 9 10 0 
g 19 2 9 0 0 
w 19 4 9 99 0 
t 18 0 9 0 0 
g 13 15 8 0 0 
t 17 13 8 0 0 
s 8 14 8 10 0 
s 19 19 8 10 0 
g 15 7 8 0 0 
w 7 15 7 99 0 
g 3 15 7 0 0 
s 4 18 6 10 0 
s 11 13 6 10 0 
s 1 17 6 10 0 
g 15 4 6 0 0 
w 12 2 6 99 0 
w 17 19 6 99 0 
g 14 18 5 0 0 
s 18 18 5 10 0 
t 19 0 5 0 0 
s 3 19 4 10 0 
g 11 17 4 0 0 
w 19 7 4 99 0 
s 4 19 4 10 0 
g 19 1 3 0 0 
t 18 1 3 0 0 
w 6 15 3 99 0 
g 14 4 3 0 0 
g 10 11 2 0 0 
w 18 5 2 99 0 
s 18 17 2 10 0 
s 9 12 2 10 0 
w 7 17 1 99 0 
g 16 8 1 0 0 
s 1 18 1 10 0 
g 16 4 1 0 0 
t 18 0 1 0 0 
t 17 1 1 0 0 
